mod 128;
0 note 65 0.7 250;250 note 67 0.7 250;
250 note 71 0.7 250;250 note 67 0.7 250;

250 note 71 0.7 250;250 note 67 0.7 250;
250 note 71 0.7 250;250 note 67 0.7 250;

250 note 71 0.7 250;250 note 67 0.7 250;

250 note 67 0.0 400;
3500 note 70 0.7 990;
1000 note 79 0.7 2900;3000 note 81 0.7 400;
500 note 79 0.7 1000;1000 note 83 0.7 400;
500 note 81 0.7 1400;1500 note 79 0.7 400;
500 note 76 0.7 2900;3000 note 79 0.7 400;
500 note 78 0.7 3000;
3500 note 78 0.0 400;
2500 note 76 0.7 2400;
2500 note 77 0.7 5900;
